73436500
74345000
72480100
86298000
87361100
75351000
87318500
86497500
74350000
88690050
86410800
75400010
87380030
75288100
87915000
75331000
85850500
85130000
75400000
86900000
87110100
76115600
72428000
74355000
85300000
87500020
87317150
85734900
86800001
85435000
87785000
85442000
87420100
85500010
87110000
85379990
75881800
85101000
74360000
79100000
74466000
79440000
74549990
86195000
85311000
72320000
73445000
87460175
87991000
74270000
74860000
87670000
87200100
70710000
87100000
87237000
85623010
86281000
85662000
88365000
87078000
87510040
86200900
74800000
86200500
86403000
75650010
70120000
74695000
75280100
76100000
76421020
87406900
87410200
87242030
86560000
87317010
87385040
86117000
86880600
73420080
86505500
76431000
85439000
86210000
86472500
74360080
70750001
87317035
85360100
88150900
75881900
75900000
87170000
75780000
75831005
77590000
85050350
85080001
86996000
86211000
87409000
74480000
76220000
70150000
87318000
72430000
76285000
74350100
74290000
85425000
85050001
87376800
76150050
87316000
87120000
86595000
87381800
85050300
2951145
87423000
73448000
86410000
75230015
73390100
70842000
74910000
86780000
87540000
3051043
74352000
76300000
85260001
76980005
75186960
76430900
88399000
76741900
76251000
87111000
87317015
87450063
74468500
87068000
85480010
70719960
87800001
86390900
86125120
87168000
70841500
87920700
86489000
73528000
74360100
86210900
79210000
84991500
72430050
87317180
75188000
87406000
86480000
75318000
76111010
70719750
73219800
72450010
74761000
76660900
85470000
87374000
87120100
76800000
85170150
86503800
75601000
73200500
74370010
85421000
87317600
88020000
72080000
86447000
88550010
73490000
85235000
87382010
85068000
75155010
87101500
85470010
74460000
85438000
75307000
74120800
85930000
87150000
87332500
76150800
86472600
86163000
75186900
86410050
75650900
85739800
86879000
85140010
87450100
74650000
76240000
86895000
87920500
88750000
87398950
85911000
85900000
75181000
86448000
74751000
75030100
74468000
87317030
86110000
85029000
88643000
77500000
85040000
75178000
85382000
85500100
87398800
74459000
88060210
86125000
86743900
86125200
86888000
86430900
74505200
74700000
73420040
88260000
85076000
87382025
74899000
74630000
74361000
85180000
70719990
86404000
74500000
74270010
87270000
73444000
88850000
87290000
76460000
74351000
87317020
87422000
88300500
87460007
74550000
72630000
74120750
77149990
86880050
79200010
87550050
74750000
85080000
87795000
87040100
76086000
86510000
75831000
86580000
75450000
87160100
74360010
88181000
88900000
86404100
75269900
77499000
75180000
74610000
86743800
76431995
85436200
87510020
85360050
86505400
86201000
86487000
86507000
87420350
74209000
85400010
74340000
86506000
87376000
87228450
86720000
76310000
85940000
75287000
76800005
87460020
87446000
75342000
72480000
75288000
86329000
87405500
72680000
86305000
87241000
87101400
86950000
87420360
73444500
87990000
86743000
86450000
87242010
86746900
87992000
86470900
86472000
87380000
87230000
75020080
86444000
88810100
87382020
87510030
85620500
85600000
76380050
87398750
86490500
79400000
85080010
77591000
87442000
75205010
85310000
86402000
85735000
70720000
74120700
75300001
88549000
87020000
87010000
85644000
75185200
73460000
86102000
76371000
86109000
86718000
87260000
85074000
86497400
76115400
75710000
87390060
87318510
74370000
75600000
86213000
87920000
87317060
86100800
75230010
87168600
74120900
86879300
73436000
76560000
87460155
75182000
87790000
85401000
87409900
72630900
75700001
88641000
85800000
85350000
75185001
75295000
74100010
87294000
76421010
87904000
87398700
85240000
86321000
85466000
85001500
76748970
87189000
70843500
75291000
85365000
72090000
87460200
88300000
87309000
88575050
74900000
70845000
86746000
86160010
86881000
86520000
86350000
74611000
84992000
75270000
75231000
85438500
75560000
86479000
86497300
87242000
74356000
86430500
87361000
85290000
86194900
86260000
85610000
86160000
85590900
74505000
70844300
74699000
73437000
87420300
76560010
87231100
86488000
70719700
87072000
75401000
87991100
74463000
86100000
87460210
86450500
84420000
87301100
88177000
87317140
86118000
75326000
85739810
87510010
75290000
85110000
76289000
75325000
85642010
75344000
74339000
74130000
74779000
87333000
76084040
74120500
85430000
85130400
74660000
86030000
85623000
86450600
88575000
75343000
86404200
74675000
75020040
88009000
88370150
88060200
75200000
87444000
86788000
87510015
72620000
85820900
86125500
70843000
87309010
75199000
75188050
73440000
85349000
74670000
87200000
72870900
73100300
76750100
85306000
87905000
87393000
85438510
85170000
73220000
74260000
87165001
85050100
86470800
76069500
87921000
74465000
76440000
70200000
75175100
87540010
72450500
2853056
86420000
87420450
76086500
75155000
86406000
75186000
85480000
85427000
86100600
87398500
87101050
87317160
86280500
85140000
85400000
87070000
74100000
74690100
87103000
88365010
86880030
76069900
76700000
86125050
86095000
86405000
76111100
74040080
72505100
72451000
79200000
76750000
86555800
77519800
74694000
85910000
86497000
85203000
76115800
77585000
87970000
74462000
88176000
74359000
72580001
75470050
75650000
86445500
74880000
86162000
87399000
77150000
86744000
87313000
86471000
87995000
87255500
85395100
86520100
75305000
79430000
86306000
76650000
75187950
76070500
87460140
86495500
85889000
85642000
76111000
86125100
70840080
87980000
86745000
87107000
88188000
86748001
85645000
70844500
85500990
79400400
85570000
75230000
73520000
86494000
87219950
75550000
87421000
87460150
85050200
88644000
75187000
76500000
86099000
85380500
86195100
87510047
87242020
86496000
85658000
86451000
76250500
74464500
74352200
74205000
74467000
74720000
85830000
85439100
74350900
87398900
76305000
75045000
85365500
87450005
84991000
87510100
88050010
87425000
87337000
70719000
87403000
75020100
86743700
75050000
85395300
76378900
85439200
85309000
73490500
72480001
76112000
87460120
70844200
87160000
87510049
87390070
87382000
87955000
85730800
87424000
73390000
75199050
85161020
75700000
76084000
87599000
87311000
88700010
88070000
76742000
85642005
86743950
87450004
86498000
76500040
87153000
85730900
87380015
87377800
88690000
74600900
87075000
76069450
87401750
86060010
87385000
87398980
86493000
75500000
88710000
86125130
87510070
85170100
86500000
74690001
75120000
72540000
86101000
76220900
74470000
87350000
76290000
73389000